1 1
2 2
3 3
4 4
5 5
6 6
7 7
8 8
9 9
10 10
11 12
12 13
13 14
14 15
15 16
16 17
17 18
18 20
19 21
20 22
21 23
22 24
23 26
24 27
25 28
26 29
27 31
28 32
29 33
30 34
31 36
32 37
33 38
34 40
35 41
36 42
37 44
38 45
39 46
40 48
41 49
42 51
43 52
44 53
45 55
46 56
47 58
48 59
49 61
50 62
51 64
52 65
53 67
54 68
55 70
56 71
57 73
58 75
59 76
60 78
61 79
62 81
63 83
64 84
65 86
66 87
67 89
68 91
69 92
70 94
71 96
72 98
73 99
74 101
75 103
76 105
77 106
78 108
79 110
80 112
81 113
82 115
83 117
84 119
85 121
86 123
87 124
88 126
89 128
90 130
91 132
92 134
93 136
94 138
95 140
96 142
97 144
98 146
99 148
100 150
101 152
102 154
103 156
104 158
105 160
106 162
107 164
108 166
109 168
110 170
111 172
112 174
113 176
114 178
115 181
116 183
117 185
118 187
119 189
120 191
121 194
122 196
123 198
124 200
125 203
126 205
127 207
128 209
129 212
130 214
131 216
132 218
133 221
134 223
135 225
136 228
137 230
138 233
139 235
140 237
141 240
142 242
143 245
144 247
145 249
146 252
147 254
148 257
149 259
150 262
151 264
152 267
153 269
154 272
155 274
156 277
157 279
158 282
159 285
160 287
161 290
162 292
163 295
164 298
165 300
166 303
167 306
168 308
169 311
170 314
171 316
172 319
173 322
174 325
175 327
176 330
177 333
178 336
179 338
180 341
181 344
182 347
183 350
184 352
185 355
186 358
187 361
188 364
189 367
190 370
191 372
192 375
193 378
194 381
195 384
196 387
197 390
198 393
199 396
200 399
201 402
202 405
203 408
204 411
205 414
206 417
207 420
208 423
209 426
210 429
211 433
212 436
213 439
214 442
215 445
216 448
217 451
218 455
219 458
220 461
221 464
222 467
223 471
224 474
225 477
226 480
227 484
228 487
229 490
230 493
231 497
232 500
233 503
234 507
235 510
236 513
237 517
238 520
239 523
240 527
241 530
242 534
243 537
244 540
245 544
246 547
247 551
248 554
249 558
250 561
251 565
252 568
253 572
254 575
255 579
256 582
257 586
258 590
259 593
260 597
261 600
262 604
263 608
264 611
265 615
266 618
267 622
268 626
269 629
270 633
271 637
272 641
273 644
274 648
275 652
276 656
277 659
278 663
279 667
280 671
281 674
282 678
283 682
284 686
285 690
286 694
287 697
288 701
289 705
290 709
291 713
292 717
293 721
294 725
295 729
296 733
297 737
298 741
299 745
300 749
301 753
302 757
303 761
304 765
305 769
306 773
307 777
308 781
309 785
310 789
311 793
312 797
313 801
314 805
315 810
316 814
317 818
318 822
319 826
320 830
321 835
322 839
323 843
324 847
325 852
326 856
327 860
328 864
329 869
330 873
331 877
332 881
333 886
334 890
335 894
336 899
337 903
338 908
339 912
340 916
341 921
342 925
343 930
344 934
345 938
346 943
347 947
348 952
349 956
350 961
351 965
352 970
353 974
354 979
355 983
356 988
357 992
358 997
359 1002
360 1006
361 1011
362 1015
363 1020
364 1025
365 1029
366 1034
367 1039
368 1043
369 1048
370 1053
371 1057
372 1062
373 1067
374 1072
375 1076
376 1081
377 1086
378 1091
379 1095
380 1100
381 1105
382 1110
383 1115
384 1119
385 1124
386 1129
387 1134
388 1139
389 1144
390 1149
391 1153
392 1158
393 1163
394 1168
395 1173
396 1178
397 1183
398 1188
399 1193
400 1198
401 1203
402 1208
403 1213
404 1218
405 1223
406 1228
407 1233
408 1238
409 1243
410 1248
411 1254
412 1259
413 1264
414 1269
415 1274
416 1279
417 1284
418 1290
419 1295
420 1300
421 1305
422 1310
423 1316
424 1321
425 1326
426 1331
427 1337
428 1342
429 1347
430 1352
431 1358
432 1363
433 1368
434 1374
435 1379
436 1384
437 1390
438 1395
439 1400
440 1406
441 1411
442 1417
443 1422
444 1427
445 1433
446 1438
447 1444
448 1449
449 1455
450 1460
451 1466
452 1471
453 1477
454 1482
455 1488
456 1493
457 1499
458 1505
459 1510
460 1516
461 1521
462 1527
463 1533
464 1538
465 1544
466 1549
467 1555
468 1561
469 1566
470 1572
471 1578
472 1584
473 1589
474 1595
475 1601
476 1607
477 1612
478 1618
479 1624
480 1630
481 1635
482 1641
483 1647
484 1653
485 1659
486 1665
487 1670
488 1676
489 1682
490 1688
491 1694
492 1700
493 1706
494 1712
495 1718
496 1724
497 1730
498 1736
499 1742
500 1748
501 1754
502 1760
503 1766
504 1772
505 1778
506 1784
507 1790
508 1796
509 1802
510 1808
511 1814
512 1820
513 1826
514 1832
515 1839
516 1845
517 1851
518 1857
519 1863
520 1869
521 1876
522 1882
523 1888
524 1894
525 1901
526 1907
527 1913
528 1919
529 1926
530 1932
531 1938
532 1944
533 1951
534 1957
535 1963
536 1970
537 1976
538 1983
539 1989
540 1995
541 2002
542 2008
543 2015
544 2021
545 2027
546 2034
547 2040
548 2047
549 2053
550 2060
551 2066
552 2073
553 2079
554 2086
555 2092
556 2099
557 2105
558 2112
559 2119
560 2125
561 2132
562 2138
563 2145
564 2152
565 2158
566 2165
567 2172
568 2178
569 2185
570 2192
571 2198
572 2205
573 2212
574 2219
575 2225
576 2232
577 2239
578 2246
579 2252
580 2259
581 2266
582 2273
583 2280
584 2286
585 2293
586 2300
587 2307
588 2314
589 2321
590 2328
591 2334
592 2341
593 2348
594 2355
595 2362
596 2369
597 2376
598 2383
599 2390
600 2397
601 2404
602 2411
603 2418
604 2425
605 2432
606 2439
607 2446
608 2453
609 2460
610 2467
611 2475
612 2482
613 2489
614 2496
615 2503
616 2510
617 2517
618 2525
619 2532
620 2539
621 2546
622 2553
623 2561
624 2568
625 2575
626 2582
627 2590
628 2597
629 2604
630 2611
631 2619
632 2626
633 2633
634 2641
635 2648
636 2655
637 2663
638 2670
639 2677
640 2685
641 2692
642 2700
643 2707
644 2714
645 2722
646 2729
647 2737
648 2744
649 2752
650 2759
651 2767
652 2774
653 2782
654 2789
655 2797
656 2804
657 2812
658 2820
659 2827
660 2835
661 2842
662 2850
663 2858
664 2865
665 2873
666 2880
667 2888
668 2896
669 2903
670 2911
671 2919
672 2927
673 2934
674 2942
675 2950
676 2958
677 2965
678 2973
679 2981
680 2989
681 2996
682 3004
683 3012
684 3020
685 3028
686 3036
687 3043
688 3051
689 3059
690 3067
691 3075
692 3083
693 3091
694 3099
695 3107
696 3115
697 3123
698 3131
699 3139
700 3147
701 3155
702 3163
703 3171
704 3179
705 3187
706 3195
707 3203
708 3211
709 3219
710 3227
711 3235
712 3243
713 3251
714 3259
715 3268
716 3276
717 3284
718 3292
719 3300
720 3308
721 3317
722 3325
723 3333
724 3341
725 3350
726 3358
727 3366
728 3374
729 3383
730 3391
731 3399
732 3407
733 3416
734 3424
735 3432
736 3441